-4.3384730815887451172e-05,-0.014234292320907115936,196.649993896484375
-30.028799057006835938,-97.8592987060546875,196.1699981689453125
-37.95578765869140625,-123.7285308837890625,197.7700042724609375
-43.065135955810546875,-135.165435791015625,215.5200042724609375
-56.907115936279296875,-138.97772216796875,281.95001220703125
-94.95366668701171875,-126.68091583251953125,290.20001220703125
-111.4789886474609375,-121.39241790771484375,286.529998779296875
-151.1294097900390625,-115.2440032958984375,110.62999725341796875
-112.9463958740234375,-127.02487945556640625,106.76000213623046875
-75.7108612060546875,-138.8057403564453125,107.410003662109375
-59.807891845703125,-143.735931396484375,108.160003662109375
-49.458889007568359375,-144.9541473388671875,81.56999969482421875
-37.602848052978515625,-130.8371734619140625,24.3600006103515625
-33.361301422119140625,-119.08496856689453125,18.18000030517578125
-22.962009429931640625,-85.13246917724609375,17.850000381469726562
-12.507432937622070312,-51.26584625244140625,16.420000076293945312
-4.734127044677734375,-27.073284149169921875,19.559999465942382812
-1.2009000778198242188,-16.481853485107421875,17.620000839233398438
2.6538126468658447266,-4.0988945960998535156,17.170000076293945312
11780000,-0.01431894396,102.1800003
11780000,-0.0286514088511,102.180000305
0.000475687906146,-0.014318943955,102.180000305
-0.0106711108238,-0.014318943955,102.180000305
