13080878.3075,4715104.08243
13080878.3075,4715104.08243
13080878.3075,4715104.08243
13080878.3075,4715104.08243
13080878.3075,4715104.08243
13080878.3075,4715104.08243
13080878.3075,4715104.08243
13080878.3075,4715104.08243
13080878.3075,4715104.08243
13080878.3075,4715104.08243
13080878.3075,4715104.08243
13080878.3075,4715104.08243
13080878.3075,4715104.08243
13080878.3075,4715104.08243
13080878.3075,4715104.08243
13080878.3187,4715104.08243
13080878.3187,4715104.08243
13080878.3187,4715104.08243
13080878.3187,4715104.08243
13080878.3187,4715104.08243
13080878.3187,4715104.08243
13080878.3187,4715104.08243
13080878.3187,4715104.08243
13080878.3187,4715104.08243
13080878.3187,4715104.08243
13080878.3187,4715104.08243
13080878.3187,4715104.08243
13080878.3186,4715104.0681
13080878.3186,4715104.0681
13080878.3297,4715104.0681
13080878.3297,4715104.0681
13080878.3297,4715104.0681
13080878.3297,4715104.0681
13080878.3297,4715104.0681
13080878.3297,4715104.0681
13080878.3297,4715104.0681
13080878.3297,4715104.0681
13080878.3297,4715104.0681
13080878.3297,4715104.0681
13080878.352,4715104.05377
13080878.3742,4715104.03944
13080878.3742,4715104.03944
13080878.4187,4715104.0251
13080878.4855,4715104.01077
13080878.4855,4715104.01077
13080878.5634,4715103.98211
13080878.5634,4715103.98211
13080878.6635,4715103.95344
13080878.7859,4715103.91045
13080878.9195,4715103.88178
13080878.9195,4715103.88178
13080879.0641,4715103.82445
13080879.2311,4715103.78146
13080879.2311,4715103.78146
13080879.4092,4715103.72413
13080879.6094,4715103.65247
13080879.6094,4715103.65247
13080879.8098,4715103.59514
13080880.0212,4715103.52348
13080880.0212,4715103.52348
13080880.255,4715103.46615
13080880.4886,4715103.38016
13080880.4886,4715103.38016
13080880.7445,4715103.29416
13080881.0117,4715103.2225
13080881.0117,4715103.2225
13080881.2899,4715103.13651
13080881.5681,4715103.03618
13080881.8686,4715102.95019
13080881.8686,4715102.95019
13080882.169,4715102.84986
13080882.4917,4715102.74954
13080882.4917,4715102.74954
13080882.8145,4715102.64921
13080883.1483,4715102.53455
13080883.1483,4715102.53455
13080883.4932,4715102.4199
13080883.4932,4715102.4199
13080883.8382,4715102.30524
13080884.2054,4715102.19058
13080884.5727,4715102.07592
13080884.5727,4715102.07592
13080884.9399,4715101.96127
13080885.3182,4715101.83228
13080885.3182,4715101.83228
13080885.7078,4715101.71762
13080886.0972,4715101.58863
13080886.0972,4715101.58863
13080886.4868,4715101.47397
13080886.8985,4715101.34498
13080886.8985,4715101.34498
13080887.2991,4715101.21599
13080887.7109,4715101.087
13080887.7109,4715101.087
13080888.1338,4715100.95801
13080888.5455,4715100.82902
13080888.5455,4715100.82902
13080888.9684,4715100.6857
13080889.3913,4715100.55671
13080889.3913,4715100.55671
13080889.8141,4715100.41339
13080890.2482,4715100.2844
13080890.2482,4715100.2844
13080890.6822,4715100.15541
13080891.1162,4715100.01209
13080891.1162,4715100.01209
13080891.5502,4715099.86876
13080891.9842,4715099.73977
13080891.9842,4715099.73977
13080892.4294,4715099.61078
13080892.8745,4715099.46746
13080892.8745,4715099.46746
13080893.3196,4715099.32414
13080893.7648,4715099.19515
13080893.7648,4715099.19515
13080894.21,4715099.05183
13080894.6662,4715098.90851
13080894.6662,4715098.90851
13080895.1114,4715098.76518
13080895.5565,4715098.62186
13080895.5565,4715098.62186
13080896.0016,4715098.47854
13080896.4467,4715098.33522
13080896.4467,4715098.33522
13080896.8918,4715098.1919
13080897.3258,4715098.04857
13080897.3258,4715098.04857
13080897.771,4715097.91958
13080898.205,4715097.77626
13080898.205,4715097.77626
13080898.6502,4715097.64727
13080899.0842,4715097.50395
13080899.0842,4715097.50395
13080899.5182,4715097.37496
13080899.9522,4715097.23164
13080899.9522,4715097.23164
13080900.3862,4715097.08832
13080900.8202,4715096.95933
13080900.8202,4715096.95933
13080901.2543,4715096.83034
13080901.6882,4715096.68701
13080901.6882,4715096.68701
13080902.1223,4715096.55802
13080902.5563,4715096.4147
13080902.5563,4715096.4147
13080902.9903,4715096.28571
13080903.4243,4715096.14239
13080903.4243,4715096.14239
13080903.8583,4715095.99907
13080904.2923,4715095.87008
13080904.2923,4715095.87008
13080904.7374,4715095.72676
13080905.1715,4715095.59777
13080905.1715,4715095.59777
13080905.6055,4715095.45445
13080906.0395,4715095.32546
13080906.0395,4715095.32546
13080906.4735,4715095.18213
13080906.9076,4715095.06748
13080906.9076,4715095.06748
13080907.3417,4715094.93849
13080907.7758,4715094.82383
13080907.7758,4715094.82383
13080908.1988,4715094.7235
13080908.6441,4715094.60885
13080908.6441,4715094.60885
13080909.0672,4715094.50852
13080909.5126,4715094.42253
13080909.5126,4715094.42253
13080909.9469,4715094.33653
13080910.3924,4715094.26487
13080910.3924,4715094.26487
13080910.8267,4715094.19321
13080911.25,4715094.13588
13080911.25,4715094.13588
13080911.6956,4715094.09289
13080912.1302,4715094.06422
13080912.1302,4715094.06422
13080912.5649,4715094.04989
13080912.9995,4715094.03556
13080912.9995,4715094.03556
13080913.4231,4715094.03556
13080913.8579,4715094.04989
13080913.8579,4715094.04989
13080914.2928,4715094.07855
13080914.7277,4715094.12155
13080914.7277,4715094.12155
13080915.1515,4715094.16455
13080915.5642,4715094.22188
13080915.5642,4715094.22188
13080915.9993,4715094.2792
13080916.4232,4715094.35087
13080916.4232,4715094.35087
13080916.8361,4715094.43686
13080916.8361,4715094.43686
13080917.2603,4715094.55152
13080917.6845,4715094.66617
13080917.6845,4715094.66617
13080918.0976,4715094.8095
13080918.5108,4715094.93849
13080918.5108,4715094.93849
13080918.9017,4715095.09614
13080919.2816,4715095.26813
13080919.2816,4715095.26813
13080919.6504,4715095.44011
13080920.008,4715095.62643
13080920.008,4715095.62643
13080920.3546,4715095.82708
13080920.7013,4715096.04207
13080920.7013,4715096.04207
13080921.0481,4715096.27138
13080921.3726,4715096.51503
13080921.3726,4715096.51503
13080921.686,4715096.75868
13080921.9772,4715097.03099
13080921.9772,4715097.03099
13080922.2461,4715097.28897
13080922.5262,4715097.56128
13080922.5262,4715097.56128
13080922.7951,4715097.83359
13080923.053,4715098.12023
13080923.053,4715098.12023
13080923.2887,4715098.42121
13080923.5132,4715098.73652
13080923.5132,4715098.73652
13080923.7378,4715099.0375
13080923.9401,4715099.36714
13080923.9401,4715099.36714
13080924.1314,4715099.71111
13080924.3116,4715100.05508
13080924.3116,4715100.05508
13080924.4916,4715100.38472
13080924.6496,4715100.74303
13080924.6496,4715100.74303
13080924.8075,4715101.10133
13080924.9654,4715101.45964
13080924.9654,4715101.45964
13080925.1234,4715101.81794
13080925.2703,4715102.20491
13080925.2703,4715102.20491
13080925.4061,4715102.59188
13080925.5419,4715102.99319
13080925.5419,4715102.99319
13080925.6779,4715103.40882
13080925.8138,4715103.82445
13080925.8138,4715103.82445
13080925.9609,4715104.24009
13080926.108,4715104.65572
13080926.108,4715104.65572
13080926.2551,4715105.07136
13080926.4022,4715105.50132
13080926.4022,4715105.50132
13080926.5493,4715105.91696
13080926.7076,4715106.34692
13080926.7076,4715106.34692
13080926.8436,4715106.77689
13080926.9907,4715107.19252
13080926.9907,4715107.19252
13080927.1156,4715107.62249
13080927.2515,4715108.03812
13080927.2515,4715108.03812
13080927.3987,4715108.48242
13080927.5236,4715108.91239
13080927.5236,4715108.91239
13080927.6485,4715109.34236
13080927.7734,4715109.78666
13080927.7734,4715109.78666
13080927.9095,4715110.23095
13080928.0344,4715110.66092
13080928.0344,4715110.66092
13080928.1705,4715111.10522
13080928.3065,4715111.53519
13080928.3065,4715111.53519
13080928.4314,4715111.97949
13080928.5786,4715112.40945
13080928.5786,4715112.40945
13080928.7035,4715112.85375
13080928.7035,4715112.85375
13080928.8284,4715113.29805
13080928.9756,4715113.72802
13080928.9756,4715113.72802
13080929.1116,4715114.15798
13080929.2477,4715114.60228
13080929.2477,4715114.60228
13080929.3726,4715115.03225
13080929.5086,4715115.46222
13080929.5086,4715115.46222
13080929.6334,4715115.89218
13080929.7695,4715116.32215
13080929.7695,4715116.32215
13080929.8943,4715116.75212
13080930.0303,4715117.18208
13080930.0303,4715117.18208
13080930.1552,4715117.61205
13080930.2911,4715118.02769
13080930.2911,4715118.02769
13080930.4271,4715118.45765
13080930.552,4715118.88762
13080930.7102,4715119.30325
13080930.7102,4715119.30325
13080930.8572,4715119.70456
13080930.8572,4715119.70456
13080930.982,4715120.12019
13080931.1068,4715120.52149
13080931.1068,4715120.52149
13080931.265,4715120.93713
13080931.4119,4715121.3241
13080931.4119,4715121.3241
13080931.5478,4715121.7254
13080931.5478,4715121.7254
13080931.6836,4715122.12671
13080931.8306,4715122.52801
13080931.8306,4715122.52801
13080931.9665,4715122.92931
13080932.1135,4715123.33061
13080932.1135,4715123.33061
13080932.2495,4715123.74625
13080932.3852,4715124.13322
13080932.3852,4715124.13322
13080932.5211,4715124.53452
13080932.6458,4715124.93582
13080932.6458,4715124.93582
13080932.7928,4715125.33713
13080932.9398,4715125.73843
13080932.9398,4715125.73843
13080933.0645,4715126.13973
13080933.2005,4715126.55537
13080933.2005,4715126.55537
13080933.3586,4715126.95667
13080933.5056,4715127.35797
13080933.5056,4715127.35797
13080933.6526,4715127.74494
13080933.6526,4715127.74494
13080933.8107,4715128.14625
13080933.8107,4715128.14625
13080933.9467,4715128.56188
13080934.0936,4715128.94885
13080934.0936,4715128.94885
13080934.2295,4715129.36449
13080934.3766,4715129.76579
13080934.3766,4715129.76579
13080934.5125,4715130.18143
13080934.6595,4715130.58273
13080934.6595,4715130.58273
13080934.8066,4715130.99837
13080934.9537,4715131.414
13080935.1007,4715131.8153
13080935.1007,4715131.8153
13080935.2478,4715132.23094
13080935.3837,4715132.64657
13080935.3837,4715132.64657
13080935.5307,4715133.04788
13080935.6666,4715133.46351
13080935.6666,4715133.46351
13080935.8137,4715133.87915
13080935.9497,4715134.29478
13080935.9497,4715134.29478
13080936.0968,4715134.72475
13080936.0968,4715134.72475
13080936.2439,4715135.14039
13080936.2439,4715135.14039
13080936.391,4715135.55602
13080936.538,4715135.95733
13080936.538,4715135.95733
13080936.6739,4715136.37296
13080936.8099,4715136.80293
13080936.957,4715137.21856
13080936.957,4715137.21856
13080937.0818,4715137.6342
13080937.2178,4715138.04984
13080937.2178,4715138.04984
13080937.3537,4715138.46547
13080937.3537,4715138.46547
13080937.4895,4715138.86677
13080937.6366,4715139.26808
13080937.6366,4715139.26808
13080937.7725,4715139.68371
13080937.9196,4715140.09935
13080937.9196,4715140.09935
13080938.0555,4715140.51498
13080938.1802,4715140.91629
13080938.1802,4715140.91629
13080938.3273,4715141.33192
13080938.3273,4715141.33192
13080938.4632,4715141.74756
13080938.588,4715142.1632
13080938.7239,4715142.5645
13080938.7239,4715142.5645
13080938.8598,4715142.9658
13080938.9734,4715143.38144
13080938.9734,4715143.38144
13080939.087,4715143.78274
13080939.087,4715143.78274
13080939.1894,4715144.18405
13080939.2919,4715144.59968
13080939.2919,4715144.59968
13080939.3832,4715145.00098
13080939.4632,4715145.38796
13080939.4632,4715145.38796
13080939.5546,4715145.80359
13080939.6013,4715146.2049
13080939.6013,4715146.2049
13080939.6703,4715146.62053
13080939.717,4715147.02183
13080939.717,4715147.02183
13080939.775,4715147.4518
13080939.8217,4715147.85311
13080939.8217,4715147.85311
13080939.8684,4715148.25441
13080939.8684,4715148.25441
13080939.904,4715148.67005
13080939.9061,4715149.08568
13080939.9083,4715149.50132
13080939.9083,4715149.50132
13080939.8994,4715149.91695
13080939.8905,4715150.34692
13080939.8905,4715150.34692
13080939.8593,4715150.77689
13080939.8169,4715151.20686
13080939.8169,4715151.20686
13080939.7524,4715151.65116
13080939.6765,4715152.0668
13080939.6765,4715152.0668
13080939.6007,4715152.49677
13080939.5138,4715152.92673
13080939.4046,4715153.3567
13080939.4046,4715153.3567
13080939.2842,4715153.78667
13080939.1639,4715154.21664
13080939.1639,4715154.21664
13080939.0323,4715154.63228
13080938.8896,4715155.06224
13080938.8896,4715155.06224
13080938.7468,4715155.46355
13080938.604,4715155.86485
13080938.604,4715155.86485
13080938.4278,4715156.26616
13080938.2627,4715156.66746
13080938.2627,4715156.66746
13080938.0752,4715157.05443
13080937.8877,4715157.4414
13080937.8877,4715157.4414
13080937.6891,4715157.82838
13080937.4906,4715158.22968
13080937.4906,4715158.22968
13080937.2808,4715158.61665
13080937.2808,4715158.61665
13080937.0711,4715159.01796
13080936.8614,4715159.41926
13080936.6629,4715159.82056
13080936.6629,4715159.82056
13080936.4532,4715160.22187
13080936.2434,4715160.60884
13080936.2434,4715160.60884
13080936.0337,4715161.01014
13080935.8352,4715161.41145
13080935.8352,4715161.41145
13080935.6366,4715161.79842
13080935.4381,4715162.21406
13080935.4381,4715162.21406
13080935.2507,4715162.61536
13080935.0633,4715163.01667
13080935.0633,4715163.01667
13080934.8871,4715163.41797
13080934.722,4715163.81927
13080934.722,4715163.81927
13080934.5457,4715164.22058
13080934.5457,4715164.22058
13080934.4029,4715164.62188
13080934.2489,4715165.02319
13080934.2489,4715165.02319
13080934.1173,4715165.42449
13080934.1173,4715165.42449
13080933.9857,4715165.84013
13080933.8541,4715166.25577
13080933.8541,4715166.25577
13080933.7337,4715166.6714
13080933.6021,4715167.08704
13080933.6021,4715167.08704
13080933.504,4715167.51701
13080933.504,4715167.51701
13080933.4171,4715167.94698
13080933.3413,4715168.37695
13080933.2655,4715168.80692
13080933.2655,4715168.80692
13080933.2121,4715169.23689
13080933.1698,4715169.68119
13080933.1698,4715169.68119
13080933.1388,4715170.13982
13080933.13,4715170.59845
13080933.13,4715170.59845
13080933.1658,4715171.04276
13080933.1658,4715171.04276
13080933.1905,4715171.50139
13080933.2039,4715171.94569
13080933.251,4715172.41866
13080933.251,4715172.41866
13080933.3314,4715172.86296
13080933.4118,4715173.32159
13080933.4118,4715173.32159
13080933.5143,4715173.75156
13080933.6282,4715174.2102
13080933.6282,4715174.2102
13080933.742,4715174.6545
13080933.8559,4715175.11313
13080933.8559,4715175.11313
13080933.9697,4715175.55743
13080934.0835,4715176.00174
13080934.0835,4715176.00174
13080934.2085,4715176.46037
13080934.2085,4715176.46037
13080934.3223,4715176.90467
13080934.4251,4715177.37764
13080934.5277,4715177.82194
13080934.5277,4715177.82194
13080934.6527,4715178.28057
13080934.6527,4715178.28057
13080934.7442,4715178.72488
13080934.858,4715179.16918
13080934.858,4715179.16918
13080934.9718,4715179.61348
13080934.9718,4715179.61348
13080935.0967,4715180.04345
13080935.2215,4715180.47342
13080935.2215,4715180.47342
13080935.3464,4715180.90339
13080935.4601,4715181.31903
13080935.4601,4715181.31903
13080935.5737,4715181.73466
13080935.6985,4715182.1503
13080935.8122,4715182.58027
13080935.8122,4715182.58027
13080935.9369,4715182.98158
13080936.0617,4715183.39721
13080936.0617,4715183.39721
13080936.2089,4715183.82718
13080936.3673,4715184.28582
13080936.3673,4715184.28582
13080936.5483,4715184.78745
13080936.5483,4715184.78745
13080936.7408,4715185.36074
13080936.9335,4715185.97703
13080937.1488,4715186.63632
13080937.1488,4715186.63632
13080937.3643,4715187.35294
13080937.6023,4715188.09822
13080937.6023,4715188.09822
13080937.8629,4715188.90083
13080938.1237,4715189.74644
13080938.1237,4715189.74644
13080938.407,4715190.63504
13080938.7017,4715191.56664
13080938.7017,4715191.56664
13080939.0189,4715192.55557
13080939.0189,4715192.55557
13080939.3475,4715193.57317
13080939.6653,4715194.6481
13080940.0054,4715195.75169
13080940.0054,4715195.75169
13080940.357,4715196.89827
13080940.7198,4715198.07353
13080940.7198,4715198.07353
13080941.1162,4715199.26311
13080941.1162,4715199.26311
13080941.5129,4715200.51003
13080941.9096,4715201.77127
13080942.3288,4715203.06119
13080942.3288,4715203.06119
13080942.726,4715204.40843
13080943.1453,4715205.727
13080943.1453,4715205.727
13080943.5759,4715207.05991
13080943.9841,4715208.39282
13080943.9841,4715208.39282
13080944.4148,4715209.7544
13080944.8345,4715211.1303
13080944.8345,4715211.1303
13080945.2653,4715212.52054
13080945.7075,4715213.93945
13080945.7075,4715213.93945
13080946.161,4715215.40135
13080946.161,4715215.40135
13080946.6257,4715216.87759
13080947.1018,4715218.38249
13080947.1018,4715218.38249
13080947.6002,4715219.90172
13080948.0877,4715221.46395
13080948.0877,4715221.46395
13080948.5975,4715223.04051
13080949.0961,4715224.58841
13080949.5946,4715226.1363
13080949.5946,4715226.1363
13080950.0709,4715227.6842
13080950.5471,4715229.21777
13080950.5471,4715229.21777
13080951.0343,4715230.72267
13080951.0343,4715230.72267
13080951.5215,4715232.22757
13080951.9751,4715233.71814
13080952.4289,4715235.22304
13080952.4289,4715235.22304
13080952.8936,4715236.68495
13080953.3471,4715238.14685
13080953.7894,4715239.59443
13080953.7894,4715239.59443
13080954.2428,4715241.02767
13080954.2428,4715241.02767
13080954.6849,4715242.44658
13080955.0935,4715243.85115
13080955.5243,4715245.22706
13080955.955,4715246.58864
13080955.955,4715246.58864
13080956.3857,4715247.93589
13080956.3857,4715247.93589
13080956.805,4715249.25447
13080957.2131,4715250.55872
13080957.2131,4715250.55872
13080957.61,4715251.84864
13080958.018,4715253.13856
13080958.4148,4715254.39981
13080958.4148,4715254.39981
13080958.8003,4715255.64674
13080959.1969,4715256.87932
13080959.1969,4715256.87932
13080959.571,4715258.08325
13080959.9452,4715259.28717
13080959.9452,4715259.28717
13080960.308,4715260.46243
13080960.308,4715260.46243
13080960.6708,4715261.63769
13080961.0448,4715262.79862
13080961.4074,4715263.93088
13080961.4074,4715263.93088
13080961.7588,4715265.04881
13080962.1213,4715266.16675
13080962.1213,4715266.16675
13080962.4614,4715267.25601
13080962.4614,4715267.25601
13080962.8015,4715268.34528
13080963.1416,4715269.42021
13080963.4815,4715270.48081
13080963.4815,4715270.48081
13080963.8103,4715271.52708
13080964.139,4715272.57335
13080964.139,4715272.57335
13080964.4677,4715273.60529
13080964.7739,4715274.62289
13080964.7739,4715274.62289
13080965.0691,4715275.6405
13080965.0691,4715275.6405
13080965.3642,4715276.64377
13080965.6813,4715277.60404
13080965.6813,4715277.60404
13080965.9762,4715278.57865
13080965.9762,4715278.57865
13080966.2376,4715279.53893
13080966.5547,4715280.4992
13080966.5547,4715280.4992
13080966.8608,4715281.47381
13080967.1447,4715282.47708
13080967.4509,4715283.48036
13080967.4509,4715283.48036
13080967.7462,4715284.51229
13080968.0526,4715285.55856
13080968.0526,4715285.55856
13080968.3368,4715286.61917
13080968.61,4715287.6941
13080968.61,4715287.6941
13080968.8943,4715288.76904
13080969.1676,4715289.87264
13080969.1676,4715289.87264
13080969.4296,4715290.96191
13080969.6806,4715292.06551
13080969.6806,4715292.06551
13080969.9316,4715293.15478
13080970.1715,4715294.27271
13080970.1715,4715294.27271
13080970.3891,4715295.37631
13080970.6068,4715296.50858
13080970.6068,4715296.50858
13080970.8247,4715297.68384
13080970.8247,4715297.68384
13080971.0539,4715298.87344
13080971.2831,4715300.07737
13080971.5014,4715301.3243
13080971.5014,4715301.3243
13080971.731,4715302.59989
13080971.9607,4715303.88981
13080971.9607,4715303.88981
13080972.2017,4715305.2084
13080972.2017,4715305.2084
13080972.4539,4715306.54133
13080972.7174,4715307.90292
13080972.7174,4715307.90292
13080972.9699,4715309.29317
13080973.1891,4715310.71209
13080973.1891,4715310.71209
13080973.4307,4715312.14534
13080973.6725,4715313.60725
13080973.6725,4715313.60725
13080973.9143,4715315.09784
13080974.1564,4715316.61708
13080974.1564,4715316.61708
13080974.4096,4715318.15066
13080974.6743,4715319.72724
13080974.6743,4715319.72724
13080974.9054,4715321.30382
13080975.148,4715322.92339
13080975.148,4715322.92339
13080975.3907,4715324.57163
13080975.6336,4715326.26287
13080975.6336,4715326.26287
13080975.8543,4715327.95411
13080976.0862,4715329.67402
13080976.0862,4715329.67402
13080976.3183,4715331.42259
13080976.5394,4715333.19982
13080976.5394,4715333.19982
13080976.7605,4715334.97706
13080976.7605,4715334.97706
13080976.9818,4715336.79729
13080977.2032,4715338.63186
13080977.4136,4715340.49509
13080977.4136,4715340.49509
13080977.6352,4715342.37265
13080977.8457,4715344.26455
13080977.8457,4715344.26455
13080978.0564,4715346.18511
13080978.2673,4715348.13434
13080978.2673,4715348.13434
13080978.4447,4715350.08357
13080978.6445,4715352.06146
13080978.6445,4715352.06146
13080978.8221,4715354.05369
13080978.9887,4715356.06025
13080979.1666,4715358.09548
13080979.1666,4715358.09548
13080979.311,4715360.1307
13080979.4444,4715362.1946
13080979.4444,4715362.1946
13080979.5556,4715364.27282
13080979.6446,4715366.36538
13080979.6446,4715366.36538
13080979.7336,4715368.47227
13080979.7336,4715368.47227
13080979.8004,4715370.59349
13080979.8673,4715372.71472
13080979.923,4715374.85028
13080979.923,4715374.85028
13080979.9677,4715376.98583
13080980.0233,4715379.10706
13080980.0233,4715379.10706
13080980.0567,4715381.22829
13080980.0901,4715383.33518
13080980.0901,4715383.33518
13080980.1233,4715385.42774
13080980.1454,4715387.52031
13080980.1454,4715387.52031
13080980.1785,4715389.5842
13080980.1785,4715389.5842
13080980.2115,4715391.63377
13080980.2334,4715393.68333
13080980.2334,4715393.68333
13080980.244,4715395.70423
13080980.2655,4715397.69647
13080980.2758,4715399.66004
13080980.2758,4715399.66004
13080980.2972,4715401.60928
13080980.2972,4715401.60928
13080980.3184,4715403.52986
13080980.3393,4715405.40743
13080980.3393,4715405.40743
13080980.3491,4715407.27068
13080980.3586,4715409.09092
13080980.3586,4715409.09092
13080980.3681,4715410.91117
13080980.3681,4715410.91117
13080980.3774,4715412.68842
13080980.3978,4715414.45134
13080980.3978,4715414.45134
13080980.4069,4715416.19992
13080980.4069,4715416.19992
13080980.4047,4715417.90551
13080980.4137,4715419.61109
13080980.4137,4715419.61109
13080980.4112,4715421.27368
13080980.4087,4715422.92194
13080980.4087,4715422.92194
13080980.3949,4715424.55587
13080980.3811,4715426.17546
13080980.3811,4715426.17546
13080980.3782,4715427.75205
13080980.3782,4715427.75205
13080980.3641,4715429.31431
13080980.3611,4715430.86224
13080980.3579,4715432.38151
13080980.3579,4715432.38151
13080980.3434,4715433.88644
13080980.329,4715435.37704
13080980.329,4715435.37704
13080980.3143,4715436.83898
13080980.2996,4715438.28658
13080980.2996,4715438.28658
13080980.2847,4715439.70551
13080980.281,4715441.12445
13080980.281,4715441.12445
13080980.266,4715442.51472
13080980.262,4715443.89066
13080980.262,4715443.89066
13080980.2468,4715445.23794
13080980.2316,4715446.58521
13080980.2316,4715446.58521
13080980.2273,4715447.90382
13080980.2118,4715449.2081
13080980.2118,4715449.2081
13080980.1964,4715450.51237
13080980.1964,4715450.51237
13080980.1807,4715451.78798
13080980.1651,4715453.04926
13080980.1604,4715454.29621
13080980.1604,4715454.29621
13080980.1446,4715455.52882
13080980.1287,4715456.7471
13080980.1287,4715456.7471
13080980.1127,4715457.95105
13080980.1078,4715459.14067
13080980.1078,4715459.14067
13080980.0916,4715460.31595
13080980.0916,4715460.31595
13080980.0642,4715461.4769
13080980.0591,4715462.62352
13080980.0427,4715463.75581
13080980.0427,4715463.75581
13080980.0374,4715464.87376
13080980.021,4715465.99171
13080980.021,4715465.99171
13080980.0044,4715467.081
13080979.9878,4715468.17029
13080979.9878,4715468.17029
13080979.9711,4715469.24524
13080979.9711,4715469.24524
13080979.9655,4715470.29153
13080979.9487,4715471.35216
13080979.9318,4715472.38411
13080979.9318,4715472.38411
13080979.9149,4715473.41607
13080979.8979,4715474.41936
13080979.8979,4715474.41936
13080979.8809,4715475.42266
13080979.8749,4715476.41162
13080979.8749,4715476.41162
13080979.8577,4715477.38624
13080979.8405,4715478.36087
13080979.8405,4715478.36087
13080979.8232,4715479.30683
13080979.817,4715480.25279
13080979.817,4715480.25279
13080979.7995,4715481.18442
13080979.7821,4715482.11605
13080979.7821,4715482.11605
13080979.7646,4715483.03335
13080979.7582,4715483.93631
13080979.7582,4715483.93631
13080979.7406,4715484.82494
13080979.7228,4715485.69924
13080979.7228,4715485.69924
13080979.7051,4715486.57354
13080979.6986,4715487.44784
13080979.6986,4715487.44784
13080979.6807,4715488.29347
13080979.6628,4715489.1391
13080979.6628,4715489.1391
13080979.6449,4715489.97041
13080979.6158,4715490.80171
13080979.6158,4715490.80171
13080979.5642,4715491.60434
13080979.5127,4715492.40698
13080979.5127,4715492.40698
13080979.4388,4715493.19528
13080979.3649,4715493.98358
13080979.3649,4715493.98358
13080979.2686,4715494.74322
13080979.15,4715495.51719
13080979.15,4715495.51719
13080979.0203,4715496.29116
13080979.0203,4715496.29116
13080978.9239,4715497.03646
13080978.8273,4715497.7531
13080978.6525,4715498.44107
13080978.6525,4715498.44107
13080978.4666,4715499.12905
13080978.292,4715499.83135
13080978.292,4715499.83135
13080978.106,4715500.505
13080977.8754,4715501.1643
13080977.8754,4715501.1643
13080977.6111,4715501.78061
13080977.3133,4715502.38259
13080977.0042,4715502.9559
13080977.0042,4715502.9559
13080976.6726,4715503.50055
13080976.3186,4715504.01653
13080976.3186,4715504.01653
13080975.9421,4715504.48951
13080975.5431,4715504.93383
13080975.5431,4715504.93383
13080975.1329,4715505.36381
13080974.7115,4715505.76513
13080974.7115,4715505.76513
13080974.2787,4715506.13778
13080973.8458,4715506.4961
13080973.8458,4715506.4961
13080973.4015,4715506.79709
13080972.9348,4715507.06941
13080972.9348,4715507.06941
13080972.4568,4715507.31307
13080971.9897,4715507.52806
13080971.9897,4715507.52806
13080971.5002,4715507.71439
13080971.5002,4715507.71439
13080971.0218,4715507.87205
13080970.521,4715508.02971
13080969.9977,4715508.1587
13080969.9977,4715508.1587
13080969.4522,4715508.27337
13080968.8619,4715508.3737
13080968.8619,4715508.3737
13080968.2603,4715508.44536
13080967.6251,4715508.47403
13080967.6251,4715508.47403
13080966.9789,4715508.53136
13080966.9789,4715508.53136
13080966.3103,4715508.57436
13080965.6194,4715508.60302
13080964.9062,4715508.64602
13080964.9062,4715508.64602
13080964.1817,4715508.66035
13080963.4574,4715508.68902
13080963.4574,4715508.68902
13080962.7217,4715508.68902
13080961.975,4715508.71768
13080961.975,4715508.71768
13080961.2284,4715508.76068
13080961.2284,4715508.76068
13080960.4595,4715508.80368
13080959.7127,4715508.81801
13080958.9214,4715508.83235
13080958.9214,4715508.83235
13080958.119,4715508.87534
13080957.3054,4715508.88968
13080957.3054,4715508.88968
13080956.4695,4715508.91834
13080955.6448,4715508.94701
13080955.6448,4715508.94701
13080954.8312,4715508.97567
13080954.8312,4715508.97567
13080954.051,4715508.99001
13080953.2152,4715509.01867
13080952.4239,4715509.04734
13080952.4239,4715509.04734
13080951.6325,4715509.06167
13080950.83,4715509.06167
13080950.83,4715509.06167
13080950.0833,4715509.09034
13080949.3145,4715509.14767
13080948.5565,4715509.14767
13080948.5565,4715509.14767
13080947.8209,4715509.162
13080947.0854,4715509.205
13080947.0854,4715509.205
13080946.3054,4715509.248
13080945.4917,4715509.26233
13080945.4917,4715509.26233
13080944.6446,4715509.27666
13080943.7866,4715509.33399
13080943.7866,4715509.33399
13080942.9063,4715509.39133
13080942.9063,4715509.39133
13080941.9923,4715509.39133
13080941.0561,4715509.41999
13080940.12,4715509.46299
13080940.12,4715509.46299
13080939.1949,4715509.47732
13080938.2475,4715509.49165
13080938.2475,4715509.49165
13080937.2777,4715509.49165
13080936.3081,4715509.52032
13080936.3081,4715509.52032
13080935.3272,4715509.52032
13080935.3272,4715509.52032
13080934.3352,4715509.53465
13080933.3208,4715509.53465
13080932.3176,4715509.53465
13080932.3176,4715509.53465
13080931.3033,4715509.54899
13080930.2888,4715509.52032
13080930.2888,4715509.52032
13080929.2632,4715509.50599
13080928.2265,4715509.49165
13080928.2265,4715509.49165
13080927.1786,4715509.47732
13080926.1307,4715509.44866
13080926.1307,4715509.44866
13080925.0604,4715509.40566
13080924.0014,4715509.40566
13080924.0014,4715509.40566
13080922.9312,4715509.37699
13080922.9312,4715509.37699
13080921.8609,4715509.34833
13080920.7685,4715509.33399
13080920.7685,4715509.33399
13080919.6648,4715509.30533
13080918.5054,4715509.27666
13080917.3348,4715509.248
13080917.3348,4715509.248
13080916.1308,4715509.21933
13080914.8934,4715509.205
13080914.8934,4715509.205
13080913.6226,4715509.17633
13080912.3294,4715509.14767
13080912.3294,4715509.14767
13080911.0028,4715509.13333
13080909.665,4715509.09034
13080909.665,4715509.09034
13080908.3161,4715509.06167
13080906.9225,4715509.01867
13080906.9225,4715509.01867
13080905.5067,4715508.99001
13080904.0908,4715508.94701
13080904.0908,4715508.94701
13080902.6639,4715508.91834
13080901.2146,4715508.87534
13080901.2146,4715508.87534
13080899.7431,4715508.84668
13080898.2826,4715508.80368
13080898.2826,4715508.80368
13080896.8222,4715508.77502
13080895.3729,4715508.73202
13080895.3729,4715508.73202
13080893.9348,4715508.68902
13080892.5078,4715508.66035
13080892.5078,4715508.66035
13080891.0808,4715508.61735
13080891.0808,4715508.61735
13080889.676,4715508.56002
13080888.2824,4715508.51702
13080888.2824,4715508.51702
13080886.9,4715508.47403
13080885.5287,4715508.43103
13080884.1464,4715508.40236
13080884.1464,4715508.40236
13080882.7862,4715508.35936
13080881.4484,4715508.31637
13080881.4484,4715508.31637
13080880.1106,4715508.2877
13080880.1106,4715508.2877
13080878.784,4715508.25903
13080877.4685,4715508.23037
13080877.4685,4715508.23037
13080876.153,4715508.18737
13080874.8598,4715508.1587
13080873.5666,4715508.13004
13080873.5666,4715508.13004
13080872.2957,4715508.10137
13080871.036,4715508.07271
13080871.036,4715508.07271
13080869.7873,4715508.02971
13080869.7873,4715508.02971
13080868.5387,4715508.00104
13080867.3013,4715507.97238
13080867.3013,4715507.97238
13080866.0862,4715507.95805
13080864.8711,4715507.92938
13080863.667,4715507.88638
13080863.667,4715507.88638
13080862.4741,4715507.85772
13080861.2925,4715507.84338
13080861.2925,4715507.84338
13080860.1108,4715507.81472
13080858.9514,4715507.78605
13080858.9514,4715507.78605
13080857.792,4715507.75739
13080856.6438,4715507.74305
13080856.6438,4715507.74305
13080855.4956,4715507.72872
13080854.3696,4715507.70006
13080854.3696,4715507.70006
13080853.2436,4715507.67139
13080852.1289,4715507.65706
13080852.1289,4715507.65706
13080851.014,4715507.62839
13080849.9216,4715507.61406
13080849.9216,4715507.61406
13080848.829,4715507.58539
13080848.829,4715507.58539
13080847.7477,4715507.57106
13080846.6775,4715507.55673
13080845.6185,4715507.52806
13080845.6185,4715507.52806
13080844.5594,4715507.51373
13080843.5226,4715507.48506
13080843.5226,4715507.48506
13080842.4859,4715507.47073
13080841.4603,4715507.4564
13080841.4603,4715507.4564
13080840.4347,4715507.42773
13080839.4202,4715507.4134
13080839.4202,4715507.4134
13080838.4281,4715507.39907
13080837.436,4715507.38473
13080837.436,4715507.38473
13080836.4549,4715507.35607
13080835.485,4715507.34174
13080835.485,4715507.34174
13080834.5263,4715507.31307
13080833.5787,4715507.29874
13080833.5787,4715507.29874
13080832.6423,4715507.2844
13080832.6423,4715507.2844
13080831.717,4715507.27007
13080830.7918,4715507.25574
13080829.8888,4715507.24141
13080829.8888,4715507.24141
13080828.9859,4715507.22707
13080828.094,4715507.21274
13080828.094,4715507.21274
13080827.2134,4715507.19841
13080827.2134,4715507.19841
13080826.3327,4715507.18407
13080825.4743,4715507.16974
13080825.4743,4715507.16974
13080824.6159,4715507.15541
13080823.7687,4715507.14108
13080823.7687,4715507.14108
13080822.9215,4715507.12674
13080822.0854,4715507.11241
13080822.0854,4715507.11241
13080821.2604,4715507.09808
13080820.4466,4715507.06941
13080820.4466,4715507.06941
13080819.6328,4715507.05508
13080818.8301,4715507.04075
13080818.8301,4715507.04075
13080818.0275,4715507.02641
13080817.2471,4715507.01208
13080817.2471,4715507.01208
13080816.4668,4715506.99775
13080815.6976,4715506.98342
13080815.6976,4715506.98342
13080814.9618,4715506.96908
13080814.1926,4715506.95475
13080814.1926,4715506.95475
13080813.4679,4715506.92608
13080812.7322,4715506.91175
13080811.9963,4715506.86875
13080811.9963,4715506.86875
13080811.3384,4715506.82576
13080810.6246,4715506.75409
13080810.6246,4715506.75409
13080809.9332,4715506.69676
13080809.2528,4715506.61076
13080809.2528,4715506.61076
13080808.5723,4715506.51043
13080807.8918,4715506.39577
13080807.8918,4715506.39577
13080807.2223,4715506.28111
13080806.5639,4715506.13778
13080806.5639,4715506.13778
13080805.9166,4715505.98012
13080805.2804,4715505.82246
13080805.2804,4715505.82246
13080804.6553,4715505.65047
13080804.0412,4715505.44981
13080804.0412,4715505.44981
13080803.427,4715505.24915
13080802.8239,4715505.01982
13080802.8239,4715505.01982
13080802.2431,4715504.7905
13080801.6733,4715504.54684
13080801.6733,4715504.54684
13080801.1147,4715504.30318
13080800.5672,4715504.04519
13080800.5672,4715504.04519
13080800.0084,4715503.77287
13080799.4271,4715503.45755
13080799.4271,4715503.45755
13080798.8234,4715503.11356
13080798.1972,4715502.74091
13080798.1972,4715502.74091
13080797.5821,4715502.35392
13080796.9556,4715501.92394
13080796.9556,4715501.92394
13080796.329,4715501.46529
13080795.7022,4715500.97798
13080795.7022,4715500.97798
13080795.0864,4715500.44766
13080794.4815,4715499.88869
13080794.4815,4715499.88869
13080793.8988,4715499.28671
13080793.8988,4715499.28671
13080793.3492,4715498.64173
13080792.8441,4715497.98243
13080792.8441,4715497.98243
13080792.3611,4715497.28012
13080791.945,4715496.56348
13080791.945,4715496.56348
13080791.5622,4715495.83251
13080791.2461,4715495.07287
13080791.2461,4715495.07287
13080790.9967,4715494.28457
13080790.9967,4715494.28457
13080790.8031,4715493.49627
13080790.6653,4715492.7223
13080790.5831,4715491.93399
13080790.5831,4715491.93399
13080790.5456,4715491.14569
13080790.5456,4715491.14569
13080790.5527,4715490.38606
13080790.571,4715489.61209
13080790.6228,4715488.86678
13080790.6228,4715488.86678
13080790.6523,4715488.10715
13080790.6523,4715488.10715
13080790.6707,4715487.37617
13080790.6669,4715486.6452
13080790.6519,4715485.91423
13080790.6519,4715485.91423
13080790.6371,4715485.21193
13080790.6224,4715484.52395
13080790.6224,4715484.52395
13080790.6186,4715483.80732
13080790.6186,4715483.80732
13080790.6151,4715483.13368
13080790.6115,4715482.4457
13080790.5968,4715481.77207
13080790.5968,4715481.77207
13080790.6046,4715481.12709
13080790.6009,4715480.41045
13080790.6009,4715480.41045
13080790.5969,4715479.65082
13080790.5969,4715479.65082
13080790.5815,4715478.84818
13080790.5771,4715478.00255
13080790.5771,4715478.00255
13080790.5724,4715477.09959
13080790.5674,4715476.15363
13080790.5622,4715475.15033
13080790.5622,4715475.15033
13080790.5456,4715474.11838
13080790.551,4715473.01475
13080790.545,4715471.86814
13080790.545,4715471.86814
13080790.5276,4715470.66419
13080790.5323,4715469.43157
13080790.5323,4715469.43157
13080790.5366,4715468.14162
13080790.5296,4715466.79435
13080790.5296,4715466.79435
13080790.5335,4715465.40407
13080790.5371,4715463.9708
13080790.5371,4715463.9708
13080790.5405,4715462.49453
13080790.5437,4715460.97526
13080790.5437,4715460.97526
13080790.5466,4715459.39866
13080790.5493,4715457.77906
13080790.5493,4715457.77906
13080790.563,4715456.1308
13080790.5763,4715454.4252
13080790.5763,4715454.4252
13080790.5783,4715452.67661
13080790.5913,4715450.88502
13080790.5913,4715450.88502
13080790.5929,4715449.06477
13080790.5942,4715447.18718
13080790.5942,4715447.18718
13080790.5954,4715445.28093
13080790.5954,4715445.28093
13080790.5962,4715443.31735
13080790.586,4715441.35377
13080790.586,4715441.35377
13080790.5756,4715439.37586
13080790.5542,4715437.41228
13080790.5542,4715437.41228
13080790.5328,4715435.4487
13080790.5328,4715435.4487
13080790.5001,4715433.45646
13080790.4561,4715431.44988
13080790.4561,4715431.44988
13080790.3897,4715429.41464
13080790.3897,4715429.41464
13080790.312,4715427.35074
13080790.2231,4715425.25817
13080790.2231,4715425.25817
13080790.1229,4715423.1656
13080790.1229,4715423.1656
13080790.0116,4715421.05869
13080789.8892,4715418.96612
13080789.8892,4715418.96612
13080789.7557,4715416.88789
13080789.6112,4715414.83832
13080789.6112,4715414.83832
13080789.4556,4715412.80308
13080789.4556,4715412.80308
13080789.2891,4715410.79651
13080789.1115,4715408.8186
13080788.9228,4715406.8407
13080788.9228,4715406.8407
13080788.7343,4715404.89146
13080788.5459,4715402.97088
13080788.5459,4715402.97088
13080788.3686,4715401.05031
13080788.1803,4715399.14407
13080788.1803,4715399.14407
13080787.992,4715397.23783
13080787.8148,4715395.33159
13080787.8148,4715395.33159
13080787.6376,4715393.42535
13080787.4605,4715391.51911
13080787.2944,4715389.61287
13080787.2944,4715389.61287
13080787.1285,4715387.72096
13080786.9627,4715385.85772
13080786.9627,4715385.85772
13080786.797,4715384.02315
13080786.797,4715384.02315
13080786.6314,4715382.2029
13080786.4771,4715380.41133
13080786.3119,4715378.64842
13080786.3119,4715378.64842
13080786.1578,4715376.89984
13080786.1578,4715376.89984
13080786.015,4715375.17993
13080785.8724,4715373.48868
13080785.8724,4715373.48868
13080785.7299,4715371.81177
13080785.5987,4715370.16352
13080785.5987,4715370.16352
13080785.4786,4715368.5296
13080785.3365,4715366.93868
13080785.3365,4715366.93868
13080785.2168,4715365.3621
13080785.2168,4715365.3621
13080785.086,4715363.79985
13080784.9442,4715362.25193
13080784.9442,4715362.25193
13080784.7804,4715360.77567
13080784.7804,4715360.77567
13080784.6613,4715359.31375
13080784.5089,4715357.89482
13080784.5089,4715357.89482
13080784.368,4715356.51889
13080784.2495,4715355.18597
13080784.2495,4715355.18597
13080784.1313,4715353.89603
13080784.0022,4715352.6491
13080784.0022,4715352.6491
13080783.8843,4715351.43083
13080783.8843,4715351.43083
13080783.7667,4715350.25556
13080783.6493,4715349.10896
13080783.6493,4715349.10896
13080783.532,4715348.00535
13080783.4148,4715346.91607
13080783.4148,4715346.91607
13080783.2866,4715345.84113
13080783.181,4715344.82352
13080783.0647,4715343.90624
13080783.0647,4715343.90624
13080782.9712,4715343.07495
13080782.8893,4715342.34399
13080782.8893,4715342.34399
13080782.819,4715341.68469
13080782.819,4715341.68469
13080782.7602,4715341.09705
13080782.6903,4715340.52375
13080782.6903,4715340.52375
13080782.6431,4715340.02211
13080782.6431,4715340.02211
13080782.5735,4715339.50614
13080782.5375,4715339.01883
13080782.5375,4715339.01883
13080782.4796,4715338.60319
13080782.4796,4715338.60319
13080782.4328,4715338.17321
13080782.386,4715337.75757
13080782.386,4715337.75757
13080782.3504,4715337.34193
13080782.3035,4715336.91195
13080782.3035,4715336.91195
13080782.2456,4715336.49631
13080782.2101,4715336.09499
13080782.2101,4715336.09499
13080782.1631,4715335.63635
13080782.105,4715335.19204
13080782.105,4715335.19204
13080782.0581,4715334.7334
13080781.9999,4715334.27476
13080781.9999,4715334.27476
13080781.9528,4715333.78746
13080781.9528,4715333.78746
13080781.8944,4715333.28582
13080781.836,4715332.76984
13080781.836,4715332.76984
13080781.7661,4715332.19654
13080781.6961,4715331.59458
13080781.6961,4715331.59458
13080781.6146,4715330.93528
13080781.6146,4715330.93528
13080781.5329,4715330.23298
13080781.4398,4715329.48769
13080781.4398,4715329.48769
13080781.3576,4715328.68507
13080781.264,4715327.83945
13080781.264,4715327.83945
13080781.159,4715326.95083
13080781.159,4715326.95083
13080781.0427,4715326.01922
13080780.9371,4715325.01594
13080780.9371,4715325.01594
13080780.8203,4715323.99833
13080780.6809,4715322.92339
13080780.6809,4715322.92339
13080780.5524,4715321.79112
13080780.5524,4715321.79112
13080780.4123,4715320.58719
13080780.2608,4715319.32593
13080780.2608,4715319.32593
13080780.109,4715318.00734
13080779.9458,4715316.63142
13080779.9458,4715316.63142
13080779.7822,4715315.19816
13080779.7822,4715315.19816
13080779.6071,4715313.69325
13080779.4318,4715312.13101
13080779.4318,4715312.13101
13080779.2449,4715310.51143
13080779.0579,4715308.84886
13080778.8482,4715307.11463
13080778.8482,4715307.11463
13080778.6271,4715305.3374
13080778.4058,4715303.51717
13080778.1618,4715301.63961
13080778.1618,4715301.63961
13080777.9177,4715299.71906
13080777.6513,4715297.7985
13080777.6513,4715297.7985
13080777.3736,4715295.86362
13080777.0846,4715293.88573
13080777.0846,4715293.88573
13080776.7844,4715291.89352
13080776.5064,4715289.9013
13080776.5064,4715289.9013
13080776.2062,4715287.90909
13080776.2062,4715287.90909
13080775.9057,4715285.87388
13080775.5942,4715283.853
13080775.5942,4715283.853
13080775.2604,4715281.83212
13080775.2604,4715281.83212
13080774.9153,4715279.79691
13080774.5589,4715277.73304
13080774.5589,4715277.73304
13080774.2027,4715275.68349
13080773.8352,4715273.63395
13080773.8352,4715273.63395
13080773.4566,4715271.57008
13080773.4566,4715271.57008
13080773.0779,4715269.49187
13080772.6769,4715267.428
13080772.6769,4715267.428
13080772.2648,4715265.3498
13080771.8414,4715263.25726
13080771.8414,4715263.25726
13080771.4292,4715261.17906
13080771.017,4715259.08652
13080771.017,4715259.08652
13080770.6047,4715256.97965
13080770.2035,4715254.87278
13080770.2035,4715254.87278
13080769.7912,4715252.76592
13080769.4015,4715250.71638
13080769.4015,4715250.71638
13080768.9894,4715248.65251
13080768.5999,4715246.63164
13080768.5999,4715246.63164
13080768.1994,4715244.65377
13080767.7989,4715242.67589
13080767.7989,4715242.67589
13080767.3984,4715240.69802
13080766.9978,4715238.70582
13080766.9978,4715238.70582
13080766.5971,4715236.68495
13080766.5971,4715236.68495
13080766.1851,4715234.63541
13080765.773,4715232.57155
13080765.773,4715232.57155
13080765.3496,4715230.47902
13080765.3496,4715230.47902
13080764.9151,4715228.38649
13080764.4695,4715226.30829
13080764.4695,4715226.30829
13080764.0351,4715224.24443
13080764.0351,4715224.24443
13080763.5898,4715222.22356
13080763.1669,4715220.21703
13080763.1669,4715220.21703
13080762.7442,4715218.25349
13080762.3327,4715216.30429
13080762.3327,4715216.30429
13080761.9213,4715214.36942
13080761.9213,4715214.36942
13080761.5212,4715212.46322
13080761.1547,4715210.58567
13080761.1547,4715210.58567
13080760.755,4715208.76546
13080760.3998,4715206.93092
13080760.3998,4715206.93092
13080760.034,4715205.18237
13080760.034,4715205.18237
13080759.7132,4715203.51982
13080759.393,4715201.97193
13080759.393,4715201.97193
13080759.0954,4715200.48136
13080759.0954,4715200.48136
13080758.798,4715199.04813
13080758.5232,4715197.64356
13080758.5232,4715197.64356
13080758.2372,4715196.23899
13080757.9625,4715194.87741
13080757.9625,4715194.87741
13080757.699,4715193.51584
13080757.4356,4715192.18293
13080757.4356,4715192.18293
13080757.1724,4715190.86436
13080756.9092,4715189.56012
13080756.9092,4715189.56012
13080756.6572,4715188.27021
13080756.4165,4715187.00896
13080756.4165,4715187.00896
13080756.1758,4715185.74772
13080755.9241,4715184.51514
13080755.6837,4715183.29689
13080755.6837,4715183.29689
13080755.4656,4715182.09297
13080755.4656,4715182.09297
13080755.2364,4715180.90339
13080755.0074,4715179.74247
13080755.0074,4715179.74247
13080754.8009,4715178.61022
13080754.5834,4715177.52096
13080754.5834,4715177.52096
13080754.3883,4715176.46037
13080754.1936,4715175.45711
13080754.1936,4715175.45711
13080754.0101,4715174.48251
13080753.8493,4715173.56524
13080753.8493,4715173.56524
13080753.6774,4715172.67664
13080753.6774,4715172.67664
13080753.5282,4715171.84537
13080753.5282,4715171.84537
13080753.3791,4715171.04276
13080753.2413,4715170.28314
13080753.2413,4715170.28314
13080753.1038,4715169.56653
13080753.1038,4715169.56653
13080752.9775,4715168.86425
13080752.8514,4715168.19063
13080752.8514,4715168.19063
13080752.7365,4715167.54567
13080752.6108,4715166.95805
13080752.6108,4715166.95805
13080752.5074,4715166.35609
13080752.4155,4715165.84013
13080752.4155,4715165.84013
13080752.3124,4715165.30983
13080752.3124,4715165.30983
13080752.2317,4715164.79387
13080752.1398,4715164.27791
13080752.1398,4715164.27791
13080752.0259,4715163.80494
13080751.9454,4715163.33198
13080751.9454,4715163.33198
13080751.8535,4715162.81601
13080751.7617,4715162.31438
13080751.7617,4715162.31438
13080751.6698,4715161.79842
13080751.5779,4715161.28246
13080751.5779,4715161.28246
13080751.4861,4715160.7665
13080751.4861,4715160.7665
13080751.3941,4715160.2362
13080751.3132,4715159.69157
13080751.3132,4715159.69157
13080751.2435,4715159.14695
13080751.2435,4715159.14695
13080751.1849,4715158.60232
13080751.1374,4715158.04336
13080751.1374,4715158.04336
13080751.1233,4715157.4844
13080751.1315,4715156.91111
13080751.1315,4715156.91111
13080751.1617,4715156.29482
13080751.1617,4715156.29482
13080751.2474,4715155.63554
13080751.3442,4715154.96192
13080751.3442,4715154.96192
13080751.4854,4715154.25964
13080751.6712,4715153.54302
13080751.9013,4715152.78341
13080752.1759,4715152.00947
13080752.1759,4715152.00947
13080752.5063,4715151.23552
13080752.8923,4715150.44725
13080752.8923,4715150.44725
13080753.3451,4715149.64464
13080753.8425,4715148.84203
13080753.8425,4715148.84203
13080754.4179,4715148.03943
13080755.038,4715147.23682
13080755.725,4715146.46288
13080755.725,4715146.46288
13080756.4902,4715145.70327
13080756.4902,4715145.70327
13080757.3111,4715144.95799
13080758.1992,4715144.25571
13080758.1992,4715144.25571
13080759.1544,4715143.59642
13080760.1656,4715142.99447
13080760.1656,4715142.99447
13080761.2217,4715142.44984
13080762.3338,4715141.96254
13080762.3338,4715141.96254
13080763.4795,4715141.50391
13080764.6588,4715141.07394
13080764.6588,4715141.07394
13080765.8494,4715140.65831
13080767.0624,4715140.27134
13080767.0624,4715140.27134
13080768.2863,4715139.8557
13080769.5326,4715139.44006
13080769.5326,4715139.44006
13080770.7677,4715139.02443
13080772.025,4715138.59446
13080772.025,4715138.59446
13080773.2825,4715138.17883
13080774.5509,4715137.74886
13080774.5509,4715137.74886
13080775.8306,4715137.31889
13080777.1214,4715136.88892
13080777.1214,4715136.88892
13080778.4233,4715136.45895
13080779.7364,4715136.02899
13080779.7364,4715136.02899
13080781.0494,4715135.59902
13080782.3736,4715135.16905
13080782.3736,4715135.16905
13080783.709,4715134.73908
13080783.709,4715134.73908
13080785.0667,4715134.30912
13080786.4131,4715133.86482
13080787.7484,4715133.42052
13080789.1061,4715132.99055
13080789.1061,4715132.99055
13080790.4748,4715132.54625
13080790.4748,4715132.54625
13080791.8435,4715132.10195
13080793.2235,4715131.67198
13080793.2235,4715131.67198
13080794.5922,4715131.22768
13080794.5922,4715131.22768
13080795.9387,4715130.79771
13080797.2742,4715130.38208
13080798.5984,4715129.95211
13080798.5984,4715129.95211
13080799.9005,4715129.55081
13080801.1913,4715129.13517
13080801.1913,4715129.13517
13080802.4599,4715128.73387
13080802.4599,4715128.73387
13080803.7064,4715128.3469
13080804.886,4715127.97426
13080804.886,4715127.97426
13080805.9543,4715127.63029
13080806.9114,4715127.34364
13080806.9114,4715127.34364
13080807.7683,4715127.07133
13080808.5473,4715126.82768
13080808.5473,4715126.82768
13080809.304,4715126.58403
13080810.0273,4715126.35472
13080810.0273,4715126.35472
13080810.7395,4715126.1254
13080811.4183,4715125.91042
13080811.4183,4715125.91042
13080812.0749,4715125.69543
13080812.7426,4715125.49478
13080812.7426,4715125.49478
13080813.3769,4715125.2798
13080814.0223,4715125.07915
13080814.0223,4715125.07915
13080814.601,4715124.89283
13080815.2464,4715124.67784
13080815.2464,4715124.67784
13080815.8363,4715124.50586
13080816.4372,4715124.31954
13080816.4372,4715124.31954
13080817.0381,4715124.11889
13080817.6279,4715123.93257
13080817.6279,4715123.93257
13080818.162,4715123.76058
13080818.7406,4715123.55993
13080818.7406,4715123.55993
13080819.3082,4715123.38794
13080819.3082,4715123.38794
13080819.8647,4715123.21596
13080820.4433,4715123.02964
13080820.4433,4715123.02964
13080821.0443,4715122.84332
13080821.0443,4715122.84332
13080821.6785,4715122.62833
13080822.3796,4715122.41335
13080822.3796,4715122.41335
13080823.1252,4715122.1697
13080823.9264,4715121.91172
13080823.9264,4715121.91172
13080824.7944,4715121.62508
13080824.7944,4715121.62508
13080825.718,4715121.33843
13080826.6862,4715121.02312
13080826.6862,4715121.02312
13080827.7211,4715120.69348
13080828.8117,4715120.34951
13080828.8117,4715120.34951
13080829.9467,4715119.97687
13080831.1374,4715119.5899
13080831.1374,4715119.5899
13080832.3837,4715119.1886
13080832.3837,4715119.1886
13080833.6858,4715118.78729
13080835.0323,4715118.35733
13080835.0323,4715118.35733
13080836.4456,4715117.91303
13080837.9035,4715117.4544
13080837.9035,4715117.4544
13080839.3835,4715116.98143
13080840.8524,4715116.50847
13080840.8524,4715116.50847
13080842.3214,4715116.04984
13080842.3214,4715116.04984
13080843.7681,4715115.59121
13080845.2036,4715115.13258
13080845.2036,4715115.13258
13080846.6169,4715114.68828
13080848.008,4715114.25831
13080848.008,4715114.25831
13080849.3991,4715113.82834
13080850.7568,4715113.39838
13080850.7568,4715113.39838
13080852.1034,4715112.98274
13080853.4277,4715112.56711
13080853.4277,4715112.56711
13080854.7409,4715112.1658
13080854.7409,4715112.1658
13080856.0318,4715111.7645
13080857.3005,4715111.3632
13080857.3005,4715111.3632
13080858.5579,4715110.9619
13080859.8045,4715110.60359
13080859.8045,4715110.60359
13080861.0286,4715110.21662
13080862.2083,4715109.85832
13080862.2083,4715109.85832
13080863.3769,4715109.50001
13080863.3769,4715109.50001
13080864.5231,4715109.14171
13080865.636,4715108.79773
13080866.6821,4715108.48242
13080866.6821,4715108.48242
13080867.6726,4715108.16711
13080868.5963,4715107.8948
13080868.5963,4715107.8948
13080869.4421,4715107.63682
13080869.4421,4715107.63682
13080870.21,4715107.40751
13080870.8889,4715107.19252
13080870.8889,4715107.19252
13080871.4899,4715107.02054
13080871.4899,4715107.02054
13080872.0129,4715106.84855
13080872.4358,4715106.71956
13080872.4358,4715106.71956
13080872.7697,4715106.61924
13080872.7697,4715106.61924
13080872.9922,4715106.54757
13080873.1259,4715106.51891
13080873.1259,4715106.51891
13080873.1369,4715106.50458
13080873.1259,4715106.51891
13080873.1259,4715106.51891
13080873.1259,4715106.51891
13080873.1259,4715106.51891
13080873.1259,4715106.51891
13080873.1259,4715106.51891
13080873.1259,4715106.51891
13080873.1259,4715106.51891
13080873.1259,4715106.51891
13080873.1259,4715106.51891
13080873.1259,4715106.51891
13080873.1147,4715106.51891
13080873.1147,4715106.51891
13080873.1147,4715106.51891
13080873.1147,4715106.51891
13080873.1147,4715106.51891
13080873.1147,4715106.51891
13080873.1147,4715106.51891
13080873.1147,4715106.51891
13080873.1147,4715106.51891
13080873.1147,4715106.51891
13080873.1147,4715106.51891
13080873.1148,4715106.53324
13080873.1148,4715106.53324
13080873.1148,4715106.53324
13080873.1148,4715106.53324
13080873.1148,4715106.53324
13080873.1148,4715106.53324
13080873.1036,4715106.53324
13080873.1036,4715106.53324
13080873.1036,4715106.53324
13080873.1036,4715106.53324
13080873.1036,4715106.53324
13080873.1036,4715106.53324
13080873.1036,4715106.53324
13080873.1036,4715106.53324
